hat_pi_star:
[[0.05 0.   0.   0.   0.   0.   0.   0.   0.   0.   0.   0.   0.05 0.
  0.   0.   0.   0.   0.   0.  ]
 [0.   0.05 0.   0.   0.   0.   0.   0.   0.   0.   0.   0.   0.   0.
  0.   0.05 0.   0.   0.   0.  ]
 [0.   0.   0.05 0.   0.05 0.   0.   0.   0.   0.   0.   0.   0.   0.
  0.   0.   0.   0.   0.   0.  ]
 [0.   0.   0.   0.05 0.   0.   0.   0.   0.   0.   0.   0.05 0.   0.
  0.   0.   0.   0.   0.   0.  ]
 [0.   0.   0.   0.   0.   0.   0.   0.   0.   0.   0.05 0.   0.   0.
  0.   0.   0.05 0.   0.   0.  ]
 [0.   0.   0.   0.   0.   0.   0.   0.   0.   0.   0.   0.   0.   0.
  0.05 0.   0.   0.   0.   0.05]
 [0.   0.   0.   0.   0.   0.05 0.05 0.   0.   0.   0.   0.   0.   0.
  0.   0.   0.   0.   0.   0.  ]
 [0.   0.   0.   0.   0.   0.   0.   0.05 0.   0.   0.   0.   0.   0.05
  0.   0.   0.   0.   0.   0.  ]
 [0.   0.   0.   0.   0.   0.   0.   0.   0.05 0.   0.   0.   0.   0.
  0.   0.   0.   0.05 0.   0.  ]
 [0.   0.   0.   0.   0.   0.   0.   0.   0.   0.05 0.   0.   0.   0.
  0.   0.   0.   0.   0.05 0.  ]]
Opt_BIg:
{0: [array(-26.51319186), array(-24.05971788), array(42.02531854), array(30.42869332), array(-4.84026321)], 1: [array(-28.28348699), array(-11.06977761), array(52.57326094), array(59.05396808), array(6.12415765)], 2: [array(-28.63579929), array(-42.55459952), array(-17.9955677), array(-5.94879822), array(-15.4485922)], 3: [array(21.49536739), array(35.27798998), array(68.31572289), array(13.25818718), array(27.47213789)], 4: [array(-34.03287464), array(-30.77124995), array(11.63621216), array(34.55046839), array(-17.38452696)], 5: [array(10.88047278), array(6.28308345), array(42.60590899), array(17.02968738), array(7.34573178)], 6: [array(6.11442175), array(-5.53515988), array(7.73231286), array(-11.51060603), array(10.39430252)], 7: [array(16.46336288), array(53.93292177), array(2.51218347), array(-13.43584015), array(17.955018)], 8: [array(-35.20308998), array(8.88174581), array(-27.44064968), array(9.14772779), array(-6.36258383)], 9: [array(-7.40005357), array(-4.62748341), array(-39.18324784), array(-35.762913), array(-27.55031287)]}
Opt_varphi:
{0: 749.9883000647924, 1: 2974.8418578326323, 2: -345.62527951625185, 3: 3432.7722633861827, 4: 918.1684168153603, 5: 102.16318763130538, 6: -1746.0940329612977, 7: -136.4163544035985, 8: -198.8445075381377, 9: 524.2040895465973}
tilde_BG:
{0: array([-24.81820163, -21.9246553 ,  38.45052571,  28.04878295,
        -5.30060336]), 1: array([-25.22574292,  -8.88051565,  48.08968206,  53.42789392,
         6.45734141]), 2: array([-26.13825679, -38.85238591, -15.00436159,  -3.60874511,
       -14.76408991]), 3: array([19.87451591, 31.86733283, 60.10967316, 10.09590923, 24.93595458]), 4: array([-30.8032687 , -25.96256245,  12.24410364,  33.40016994,
       -14.97931969]), 5: array([ 9.67487222,  5.74423607, 38.99905397, 16.49002379,  5.85428939]), 6: array([ 6.09714188, -3.88928951,  9.79269518, -8.6688357 ,  9.80688717]), 7: array([ 15.8663402 ,  50.23031456,   5.0400879 , -11.09990993,
        17.40963741]), 8: array([-30.06582808,   7.98807325, -21.75166388,   8.8116484 ,
        -4.89253684]), 9: array([ -4.88118925,  -6.72896206, -33.25867829, -31.77770792,
       -24.54564067])}
V:
[[  818.44402454]
 [ 3173.53277626]
 [ -230.62398227]
 [ 3764.08163937]
 [ 1059.68351474]
 [  151.42833782]
 [-1674.20088961]
 [  -52.55863889]
 [   43.68497121]
 [  790.10653248]]
